            0   1.0000e+00            0   1.0000e+00
   1.0101e-01   1.0291e-03            0   9.0316e-01
   2.0202e-01   9.9845e-04            0   6.3140e-01
   3.0303e-01   9.4923e-04            0   2.3735e-01
   4.0404e-01   8.8436e-04            0  -2.0268e-01
   5.0505e-01   8.0744e-04            0  -6.0344e-01
   6.0606e-01   7.2244e-04            0  -8.8733e-01
   7.0707e-01   6.3345e-04            0  -9.9937e-01
   8.0808e-01   5.4431e-04            0  -9.1785e-01
   9.0909e-01   4.5834e-04            0  -6.5856e-01
   1.0101e+00   3.7823e-04            0  -2.7172e-01
   1.1111e+00   3.0587e-04            0   1.6775e-01
   1.2121e+00   2.4240e-04            0   5.7472e-01
   1.3131e+00   1.8826e-04            0   8.7039e-01
   1.4141e+00   1.4328e-04            0   9.9747e-01
   1.5152e+00   1.0686e-04            0   9.3137e-01
   1.6162e+00   7.8109e-05            0   6.8488e-01
   1.7172e+00   5.5948e-05            0   3.0574e-01
   1.8182e+00   3.9272e-05            0  -1.3261e-01
   1.9192e+00   2.7015e-05            0  -5.4528e-01
   2.0202e+00   1.8211e-05            0  -8.5234e-01
   2.1212e+00   1.2031e-05            0  -9.9432e-01
   2.2222e+00   7.7888e-06            0  -9.4372e-01
   2.3232e+00   4.9415e-06            0  -7.1034e-01
   2.4242e+00   3.0723e-06            0  -3.3939e-01
   2.5253e+00   1.8719e-06            0   9.7304e-02
   2.6263e+00   1.1177e-06            0   5.1515e-01
   2.7273e+00   6.5401e-07            0   8.3322e-01
   2.8283e+00   3.7502e-07            0   9.8991e-01
   2.9293e+00   2.1074e-07            0   9.5488e-01
   3.0303e+00   1.1605e-07            0   7.3491e-01
   3.1313e+00   6.2631e-08            0   3.7260e-01
   3.2323e+00   3.3123e-08            0  -6.1875e-02
   3.3333e+00   1.7167e-08            0  -4.8436e-01
   3.4343e+00   8.7191e-09            0  -8.1304e-01
   3.5354e+00   4.3398e-09            0  -9.8425e-01
   3.6364e+00   2.1168e-09            0  -9.6483e-01
   3.7374e+00   1.0118e-09            0  -7.5854e-01
   3.8384e+00   4.7397e-10            0  -4.0534e-01
   3.9394e+00   2.1758e-10            0   2.6368e-02
   4.0404e+00   9.7882e-11            0   4.5297e-01
   4.1414e+00   4.3152e-11            0   7.9184e-01
   4.2424e+00   1.8643e-11            0   9.7735e-01
   4.3434e+00   7.8932e-12            0   9.7356e-01
   4.4444e+00   3.2749e-12            0   7.8122e-01
   4.5455e+00   1.3316e-12            0   4.3757e-01
   4.6465e+00   5.3059e-13            0   9.1722e-03
   4.7475e+00   2.0718e-13            0  -4.2100e-01
   4.8485e+00   7.9283e-14            0  -7.6964e-01
   4.9495e+00   2.9731e-14            0  -9.6921e-01
   5.0505e+00   1.0926e-14            0  -9.8106e-01
   5.1515e+00   3.9350e-15            0  -8.0291e-01
   5.2525e+00   1.3888e-15            0  -4.6925e-01
   5.3535e+00   4.8033e-16            0  -4.4701e-02
   5.4545e+00   1.6280e-16            0   3.8850e-01
   5.5556e+00   5.4076e-17            0   7.4646e-01
   5.6566e+00   1.7602e-17            0   9.5984e-01
   5.7576e+00   5.6148e-18            0   9.8733e-01
   5.8586e+00   1.7552e-18            0   8.2358e-01
   5.9596e+00   5.3770e-19            0   5.0033e-01
   6.0606e+00   1.6142e-19            0   8.0173e-02
   6.1616e+00   4.7491e-20            0  -3.5551e-01
   6.2626e+00   1.3692e-20            0  -7.2234e-01
   6.3636e+00   3.8686e-21            0  -9.4927e-01
   6.4646e+00   1.0711e-21            0  -9.9234e-01
   6.5657e+00   2.9064e-22            0  -8.4322e-01
   6.6667e+00   7.7284e-23            0  -5.3078e-01
   6.7677e+00   2.0139e-23            0  -1.1554e-01
   6.8687e+00   5.1428e-24            0   3.2207e-01
   6.9697e+00   1.2870e-24            0   6.9731e-01
   7.0707e+00   3.1563e-25            0   9.3750e-01
   7.1717e+00   7.5858e-26            0   9.9611e-01
   7.2727e+00   1.7866e-26            0   8.6179e-01
   7.3737e+00   4.1237e-27            0   5.6056e-01
   7.4747e+00   9.3273e-28            0   1.5077e-01
   7.5758e+00   2.0675e-28            0  -2.8823e-01
   7.6768e+00   4.4910e-29            0  -6.7140e-01
   7.7778e+00   9.5602e-30            0  -9.2454e-01
   7.8788e+00   1.9944e-30            0  -9.9861e-01
   7.9798e+00   4.0772e-31            0  -8.7927e-01
   8.0808e+00   8.1683e-32            0  -5.8964e-01
   8.1818e+00   1.6037e-32            0  -1.8580e-01
   8.2828e+00   3.0855e-33            0   2.5402e-01
   8.3838e+00   5.8177e-34            0   6.4464e-01
   8.4848e+00   1.0750e-34            0   9.1041e-01
   8.5859e+00   1.9465e-35            0   9.9985e-01
   8.6869e+00   3.4540e-36            0   8.9564e-01
   8.7879e+00   6.0065e-37            0   6.1797e-01
   8.8889e+00   1.0236e-37            0   2.2060e-01
   8.9899e+00   1.7095e-38            0  -2.1949e-01
   9.0909e+00   2.7977e-39            0  -6.1707e-01
   9.1919e+00   4.4871e-40            0  -8.9513e-01
   9.2929e+00   7.0525e-41            0  -9.9983e-01
   9.3939e+00   1.0863e-41            0  -9.1088e-01
   9.4949e+00   1.6397e-42            0  -6.4552e-01
   9.5960e+00   2.4254e-43            0  -2.5513e-01
   9.6970e+00   3.5159e-44            0   1.8468e-01
   9.7980e+00   4.9946e-45            0   5.8871e-01
   9.8990e+00   6.9532e-46            0   8.7873e-01
   1.0000e+01   9.4860e-47            0   9.9855e-01

