0 0
0.01 0.0930992
0.02 0.17715
0.03 0.252153
0.04 0.318968
0.05 0.378375
0.06 0.431078
0.07 0.477717
0.08 0.518867
0.09 0.555052
0.1 0.586743
0.11 0.614368
0.12 0.638315
0.13 0.658933
0.14 0.676539
0.15 0.69142
0.16 0.703835
0.17 0.714018
0.18 0.722183
0.19 0.72852
0.2 0.733205
0.21 0.736394
0.22 0.73823
0.23 0.738841
0.24 0.738344
0.25 0.736844
0.26 0.734438
0.27 0.73121
0.28 0.72724
0.29 0.722597
0.3 0.717347
0.31 0.711546
0.32 0.705248
0.33 0.698498
0.34 0.691342
0.35 0.683816
0.36 0.675957
0.37 0.667796
0.38 0.659361
0.39 0.65068
0.4 0.641774
0.41 0.632666
0.42 0.623375
0.43 0.613919
0.44 0.604312
0.45 0.59457
0.46 0.584705
0.47 0.574728
0.48 0.564652
0.49 0.554484
0.5 0.544234
0.51 0.53391
0.52 0.523518
0.53 0.513065
0.54 0.502557
0.55 0.491999
0.56 0.481396
0.57 0.470752
0.58 0.460071
0.59 0.449357
0.6 0.438612
0.61 0.42784
0.62 0.417044
0.63 0.406224
0.64 0.395385
0.65 0.384527
0.66 0.373653
0.67 0.362763
0.68 0.35186
0.69 0.340944
0.7 0.330018
0.71 0.319081
0.72 0.308135
0.73 0.297181
0.74 0.28622
0.75 0.275252
0.76 0.264277
0.77 0.253297
0.78 0.242312
0.79 0.231323
0.8 0.220329
0.81 0.209332
0.82 0.198332
0.83 0.187328
0.84 0.176322
0.85 0.165313
0.86 0.154302
0.87 0.143289
0.88 0.132274
0.89 0.121257
0.9 0.110239
0.91 0.0992193
0.92 0.0881985
0.93 0.0771766
0.94 0.0661538
0.95 0.05513
0.96 0.0441053
0.97 0.03308
0.98 0.0220539
0.99 0.0110273
1 0
