0 0
0.001 0.00903909
0.002 0.0179792
0.003 0.0268203
0.004 0.0355633
0.005 0.0442093
0.006 0.0527593
0.007 0.0612141
0.008 0.0695747
0.009 0.0778421
0.01 0.0860172
0.011 0.0941009
0.012 0.102094
0.013 0.109998
0.014 0.117813
0.015 0.12554
0.016 0.13318
0.017 0.140734
0.018 0.148203
0.019 0.155588
0.02 0.162889
0.021 0.170107
0.022 0.177243
0.023 0.184299
0.024 0.191274
0.025 0.19817
0.026 0.204987
0.027 0.211726
0.028 0.218388
0.029 0.224973
0.03 0.231484
0.031 0.237919
0.032 0.24428
0.033 0.250568
0.034 0.256783
0.035 0.262927
0.036 0.268999
0.037 0.275
0.038 0.280932
0.039 0.286795
0.04 0.29259
0.041 0.298317
0.042 0.303976
0.043 0.30957
0.044 0.315097
0.045 0.32056
0.046 0.325958
0.047 0.331293
0.048 0.336564
0.049 0.341773
0.05 0.34692
0.051 0.352005
0.052 0.35703
0.053 0.361995
0.054 0.366901
0.055 0.371748
0.056 0.376536
0.057 0.381267
0.058 0.38594
0.059 0.390557
0.06 0.395118
0.061 0.399624
0.062 0.404075
0.063 0.408471
0.064 0.412814
0.065 0.417103
0.066 0.42134
0.067 0.425524
0.068 0.429657
0.069 0.433738
0.07 0.437769
0.071 0.44175
0.072 0.445681
0.073 0.449563
0.074 0.453396
0.075 0.457181
0.076 0.460919
0.077 0.464609
0.078 0.468252
0.079 0.471849
0.08 0.4754
0.081 0.478906
0.082 0.482367
0.083 0.485783
0.084 0.489156
0.085 0.492484
0.086 0.49577
0.087 0.499013
0.088 0.502213
0.089 0.505372
0.09 0.508489
0.091 0.511565
0.092 0.5146
0.093 0.517596
0.094 0.520551
0.095 0.523467
0.096 0.526343
0.097 0.529182
0.098 0.531981
0.099 0.534743
0.1 0.537468
0.101 0.540155
0.102 0.542805
0.103 0.545419
0.104 0.547997
0.105 0.55054
0.106 0.553046
0.107 0.555518
0.108 0.557956
0.109 0.560359
0.11 0.562728
0.111 0.565063
0.112 0.567365
0.113 0.569634
0.114 0.571871
0.115 0.574075
0.116 0.576247
0.117 0.578388
0.118 0.580497
0.119 0.582575
0.12 0.584623
0.121 0.58664
0.122 0.588627
0.123 0.590584
0.124 0.592511
0.125 0.59441
0.126 0.596279
0.127 0.59812
0.128 0.599932
0.129 0.601716
0.13 0.603473
0.131 0.605202
0.132 0.606904
0.133 0.608578
0.134 0.610226
0.135 0.611848
0.136 0.613443
0.137 0.615013
0.138 0.616557
0.139 0.618075
0.14 0.619568
0.141 0.621037
0.142 0.62248
0.143 0.623899
0.144 0.625295
0.145 0.626666
0.146 0.628013
0.147 0.629337
0.148 0.630638
0.149 0.631916
0.15 0.633171
0.151 0.634403
0.152 0.635613
0.153 0.636801
0.154 0.637968
0.155 0.639112
0.156 0.640235
0.157 0.641337
0.158 0.642418
0.159 0.643478
0.16 0.644518
0.161 0.645537
0.162 0.646536
0.163 0.647515
0.164 0.648474
0.165 0.649413
0.166 0.650333
0.167 0.651234
0.168 0.652116
0.169 0.652979
0.17 0.653824
0.171 0.65465
0.172 0.655457
0.173 0.656247
0.174 0.657019
0.175 0.657773
0.176 0.658509
0.177 0.659228
0.178 0.65993
0.179 0.660615
0.18 0.661283
0.181 0.661934
0.182 0.662569
0.183 0.663187
0.184 0.663789
0.185 0.664376
0.186 0.664946
0.187 0.6655
0.188 0.666039
0.189 0.666563
0.19 0.667071
0.191 0.667564
0.192 0.668043
0.193 0.668506
0.194 0.668955
0.195 0.669389
0.196 0.669809
0.197 0.670215
0.198 0.670606
0.199 0.670984
0.2 0.671347
0.201 0.671698
0.202 0.672034
0.203 0.672357
0.204 0.672667
0.205 0.672964
0.206 0.673248
0.207 0.673519
0.208 0.673777
0.209 0.674023
0.21 0.674256
0.211 0.674476
0.212 0.674685
0.213 0.674881
0.214 0.675066
0.215 0.675238
0.216 0.675399
0.217 0.675548
0.218 0.675685
0.219 0.675811
0.22 0.675926
0.221 0.67603
0.222 0.676122
0.223 0.676204
0.224 0.676274
0.225 0.676334
0.226 0.676384
0.227 0.676422
0.228 0.676451
0.229 0.676469
0.23 0.676476
0.231 0.676474
0.232 0.676462
0.233 0.676439
0.234 0.676407
0.235 0.676365
0.236 0.676314
0.237 0.676253
0.238 0.676182
0.239 0.676102
0.24 0.676013
0.241 0.675915
0.242 0.675807
0.243 0.675691
0.244 0.675566
0.245 0.675432
0.246 0.675289
0.247 0.675138
0.248 0.674978
0.249 0.674809
0.25 0.674633
0.251 0.674448
0.252 0.674254
0.253 0.674053
0.254 0.673844
0.255 0.673626
0.256 0.673401
0.257 0.673168
0.258 0.672927
0.259 0.672679
0.26 0.672423
0.261 0.672159
0.262 0.671888
0.263 0.67161
0.264 0.671324
0.265 0.671031
0.266 0.670731
0.267 0.670424
0.268 0.67011
0.269 0.66979
0.27 0.669462
0.271 0.669127
0.272 0.668786
0.273 0.668438
0.274 0.668083
0.275 0.667722
0.276 0.667355
0.277 0.666981
0.278 0.666601
0.279 0.666214
0.28 0.665821
0.281 0.665423
0.282 0.665018
0.283 0.664607
0.284 0.66419
0.285 0.663767
0.286 0.663338
0.287 0.662904
0.288 0.662464
0.289 0.662018
0.29 0.661566
0.291 0.661109
0.292 0.660647
0.293 0.660179
0.294 0.659706
0.295 0.659227
0.296 0.658743
0.297 0.658254
0.298 0.657759
0.299 0.65726
0.3 0.656755
0.301 0.656246
0.302 0.655731
0.303 0.655211
0.304 0.654687
0.305 0.654158
0.306 0.653624
0.307 0.653085
0.308 0.652542
0.309 0.651993
0.31 0.651441
0.311 0.650884
0.312 0.650322
0.313 0.649756
0.314 0.649185
0.315 0.64861
0.316 0.648031
0.317 0.647447
0.318 0.646859
0.319 0.646267
0.32 0.645671
0.321 0.645071
0.322 0.644466
0.323 0.643858
0.324 0.643245
0.325 0.642629
0.326 0.642009
0.327 0.641384
0.328 0.640756
0.329 0.640124
0.33 0.639489
0.331 0.63885
0.332 0.638207
0.333 0.63756
0.334 0.63691
0.335 0.636256
0.336 0.635598
0.337 0.634938
0.338 0.634273
0.339 0.633605
0.34 0.632934
0.341 0.63226
0.342 0.631582
0.343 0.6309
0.344 0.630216
0.345 0.629528
0.346 0.628837
0.347 0.628143
0.348 0.627446
0.349 0.626745
0.35 0.626042
0.351 0.625335
0.352 0.624626
0.353 0.623913
0.354 0.623198
0.355 0.622479
0.356 0.621758
0.357 0.621034
0.358 0.620307
0.359 0.619577
0.36 0.618844
0.361 0.618109
0.362 0.617371
0.363 0.61663
0.364 0.615887
0.365 0.61514
0.366 0.614392
0.367 0.61364
0.368 0.612886
0.369 0.61213
0.37 0.611371
0.371 0.610609
0.372 0.609845
0.373 0.609079
0.374 0.60831
0.375 0.607539
0.376 0.606765
0.377 0.605989
0.378 0.605211
0.379 0.60443
0.38 0.603647
0.381 0.602862
0.382 0.602075
0.383 0.601285
0.384 0.600493
0.385 0.599699
0.386 0.598903
0.387 0.598105
0.388 0.597305
0.389 0.596502
0.39 0.595698
0.391 0.594891
0.392 0.594082
0.393 0.593272
0.394 0.592459
0.395 0.591645
0.396 0.590828
0.397 0.59001
0.398 0.58919
0.399 0.588367
0.4 0.587543
0.401 0.586717
0.402 0.58589
0.403 0.58506
0.404 0.584229
0.405 0.583395
0.406 0.582561
0.407 0.581724
0.408 0.580886
0.409 0.580046
0.41 0.579204
0.411 0.57836
0.412 0.577515
0.413 0.576668
0.414 0.57582
0.415 0.57497
0.416 0.574119
0.417 0.573265
0.418 0.572411
0.419 0.571555
0.42 0.570697
0.421 0.569837
0.422 0.568977
0.423 0.568114
0.424 0.567251
0.425 0.566385
0.426 0.565519
0.427 0.564651
0.428 0.563781
0.429 0.56291
0.43 0.562038
0.431 0.561165
0.432 0.56029
0.433 0.559413
0.434 0.558536
0.435 0.557657
0.436 0.556776
0.437 0.555895
0.438 0.555012
0.439 0.554128
0.44 0.553242
0.441 0.552356
0.442 0.551468
0.443 0.550579
0.444 0.549689
0.445 0.548797
0.446 0.547905
0.447 0.547011
0.448 0.546116
0.449 0.54522
0.45 0.544323
0.451 0.543424
0.452 0.542525
0.453 0.541624
0.454 0.540722
0.455 0.53982
0.456 0.538916
0.457 0.538011
0.458 0.537105
0.459 0.536198
0.46 0.53529
0.461 0.534381
0.462 0.533471
0.463 0.53256
0.464 0.531648
0.465 0.530736
0.466 0.529822
0.467 0.528907
0.468 0.527991
0.469 0.527074
0.47 0.526157
0.471 0.525238
0.472 0.524318
0.473 0.523398
0.474 0.522477
0.475 0.521555
0.476 0.520632
0.477 0.519708
0.478 0.518783
0.479 0.517857
0.48 0.516931
0.481 0.516004
0.482 0.515075
0.483 0.514146
0.484 0.513217
0.485 0.512286
0.486 0.511355
0.487 0.510423
0.488 0.50949
0.489 0.508556
0.49 0.507622
0.491 0.506687
0.492 0.505751
0.493 0.504814
0.494 0.503877
0.495 0.502939
0.496 0.502
0.497 0.50106
0.498 0.50012
0.499 0.499179
0.5 0.498238
0.501 0.497295
0.502 0.496352
0.503 0.495409
0.504 0.494465
0.505 0.49352
0.506 0.492574
0.507 0.491628
0.508 0.490681
0.509 0.489733
0.51 0.488785
0.511 0.487837
0.512 0.486887
0.513 0.485937
0.514 0.484987
0.515 0.484036
0.516 0.483084
0.517 0.482132
0.518 0.481179
0.519 0.480225
0.52 0.479271
0.521 0.478317
0.522 0.477362
0.523 0.476406
0.524 0.47545
0.525 0.474493
0.526 0.473536
0.527 0.472578
0.528 0.47162
0.529 0.470661
0.53 0.469702
0.531 0.468742
0.532 0.467782
0.533 0.466821
0.534 0.465859
0.535 0.464898
0.536 0.463935
0.537 0.462973
0.538 0.462009
0.539 0.461046
0.54 0.460082
0.541 0.459117
0.542 0.458152
0.543 0.457186
0.544 0.45622
0.545 0.455254
0.546 0.454287
0.547 0.45332
0.548 0.452352
0.549 0.451384
0.55 0.450416
0.551 0.449447
0.552 0.448477
0.553 0.447508
0.554 0.446538
0.555 0.445567
0.556 0.444596
0.557 0.443625
0.558 0.442653
0.559 0.441681
0.56 0.440709
0.561 0.439736
0.562 0.438763
0.563 0.437789
0.564 0.436815
0.565 0.435841
0.566 0.434866
0.567 0.433891
0.568 0.432916
0.569 0.43194
0.57 0.430964
0.571 0.429988
0.572 0.429011
0.573 0.428034
0.574 0.427057
0.575 0.426079
0.576 0.425101
0.577 0.424123
0.578 0.423144
0.579 0.422165
0.58 0.421186
0.581 0.420206
0.582 0.419226
0.583 0.418246
0.584 0.417266
0.585 0.416285
0.586 0.415304
0.587 0.414323
0.588 0.413341
0.589 0.412359
0.59 0.411377
0.591 0.410394
0.592 0.409412
0.593 0.408429
0.594 0.407445
0.595 0.406462
0.596 0.405478
0.597 0.404494
0.598 0.40351
0.599 0.402525
0.6 0.40154
0.601 0.400555
0.602 0.39957
0.603 0.398584
0.604 0.397598
0.605 0.396612
0.606 0.395626
0.607 0.394639
0.608 0.393653
0.609 0.392666
0.61 0.391678
0.611 0.390691
0.612 0.389703
0.613 0.388715
0.614 0.387727
0.615 0.386739
0.616 0.38575
0.617 0.384762
0.618 0.383773
0.619 0.382784
0.62 0.381794
0.621 0.380805
0.622 0.379815
0.623 0.378825
0.624 0.377835
0.625 0.376844
0.626 0.375854
0.627 0.374863
0.628 0.373872
0.629 0.372881
0.63 0.371889
0.631 0.370898
0.632 0.369906
0.633 0.368914
0.634 0.367922
0.635 0.36693
0.636 0.365937
0.637 0.364945
0.638 0.363952
0.639 0.362959
0.64 0.361966
0.641 0.360972
0.642 0.359979
0.643 0.358985
0.644 0.357992
0.645 0.356998
0.646 0.356004
0.647 0.355009
0.648 0.354015
0.649 0.35302
0.65 0.352026
0.651 0.351031
0.652 0.350036
0.653 0.34904
0.654 0.348045
0.655 0.34705
0.656 0.346054
0.657 0.345058
0.658 0.344062
0.659 0.343066
0.66 0.34207
0.661 0.341074
0.662 0.340077
0.663 0.339081
0.664 0.338084
0.665 0.337087
0.666 0.33609
0.667 0.335093
0.668 0.334096
0.669 0.333098
0.67 0.332101
0.671 0.331103
0.672 0.330106
0.673 0.329108
0.674 0.32811
0.675 0.327112
0.676 0.326113
0.677 0.325115
0.678 0.324117
0.679 0.323118
0.68 0.322119
0.681 0.32112
0.682 0.320122
0.683 0.319123
0.684 0.318123
0.685 0.317124
0.686 0.316125
0.687 0.315125
0.688 0.314126
0.689 0.313126
0.69 0.312126
0.691 0.311127
0.692 0.310127
0.693 0.309126
0.694 0.308126
0.695 0.307126
0.696 0.306126
0.697 0.305125
0.698 0.304125
0.699 0.303124
0.7 0.302123
0.701 0.301122
0.702 0.300122
0.703 0.299121
0.704 0.298119
0.705 0.297118
0.706 0.296117
0.707 0.295116
0.708 0.294114
0.709 0.293113
0.71 0.292111
0.711 0.291109
0.712 0.290107
0.713 0.289106
0.714 0.288104
0.715 0.287102
0.716 0.2861
0.717 0.285097
0.718 0.284095
0.719 0.283093
0.72 0.28209
0.721 0.281088
0.722 0.280085
0.723 0.279083
0.724 0.27808
0.725 0.277077
0.726 0.276074
0.727 0.275071
0.728 0.274068
0.729 0.273065
0.73 0.272062
0.731 0.271059
0.732 0.270056
0.733 0.269052
0.734 0.268049
0.735 0.267045
0.736 0.266042
0.737 0.265038
0.738 0.264035
0.739 0.263031
0.74 0.262027
0.741 0.261023
0.742 0.260019
0.743 0.259015
0.744 0.258011
0.745 0.257007
0.746 0.256003
0.747 0.254999
0.748 0.253995
0.749 0.25299
0.75 0.251986
0.751 0.250982
0.752 0.249977
0.753 0.248972
0.754 0.247968
0.755 0.246963
0.756 0.245959
0.757 0.244954
0.758 0.243949
0.759 0.242944
0.76 0.241939
0.761 0.240934
0.762 0.239929
0.763 0.238924
0.764 0.237919
0.765 0.236914
0.766 0.235909
0.767 0.234903
0.768 0.233898
0.769 0.232893
0.77 0.231887
0.771 0.230882
0.772 0.229876
0.773 0.228871
0.774 0.227865
0.775 0.22686
0.776 0.225854
0.777 0.224848
0.778 0.223843
0.779 0.222837
0.78 0.221831
0.781 0.220825
0.782 0.219819
0.783 0.218813
0.784 0.217807
0.785 0.216801
0.786 0.215795
0.787 0.214789
0.788 0.213783
0.789 0.212777
0.79 0.21177
0.791 0.210764
0.792 0.209758
0.793 0.208751
0.794 0.207745
0.795 0.206739
0.796 0.205732
0.797 0.204726
0.798 0.203719
0.799 0.202713
0.8 0.201706
0.801 0.200699
0.802 0.199693
0.803 0.198686
0.804 0.197679
0.805 0.196673
0.806 0.195666
0.807 0.194659
0.808 0.193652
0.809 0.192645
0.81 0.191638
0.811 0.190631
0.812 0.189624
0.813 0.188617
0.814 0.18761
0.815 0.186603
0.816 0.185596
0.817 0.184589
0.818 0.183582
0.819 0.182575
0.82 0.181568
0.821 0.18056
0.822 0.179553
0.823 0.178546
0.824 0.177538
0.825 0.176531
0.826 0.175524
0.827 0.174516
0.828 0.173509
0.829 0.172501
0.83 0.171494
0.831 0.170486
0.832 0.169479
0.833 0.168471
0.834 0.167464
0.835 0.166456
0.836 0.165449
0.837 0.164441
0.838 0.163433
0.839 0.162426
0.84 0.161418
0.841 0.16041
0.842 0.159402
0.843 0.158395
0.844 0.157387
0.845 0.156379
0.846 0.155371
0.847 0.154363
0.848 0.153355
0.849 0.152348
0.85 0.15134
0.851 0.150332
0.852 0.149324
0.853 0.148316
0.854 0.147308
0.855 0.1463
0.856 0.145292
0.857 0.144284
0.858 0.143275
0.859 0.142267
0.86 0.141259
0.861 0.140251
0.862 0.139243
0.863 0.138235
0.864 0.137226
0.865 0.136218
0.866 0.13521
0.867 0.134202
0.868 0.133194
0.869 0.132185
0.87 0.131177
0.871 0.130169
0.872 0.12916
0.873 0.128152
0.874 0.127144
0.875 0.126135
0.876 0.125127
0.877 0.124118
0.878 0.12311
0.879 0.122101
0.88 0.121093
0.881 0.120085
0.882 0.119076
0.883 0.118068
0.884 0.117059
0.885 0.11605
0.886 0.115042
0.887 0.114033
0.888 0.113025
0.889 0.112016
0.89 0.111008
0.891 0.109999
0.892 0.10899
0.893 0.107982
0.894 0.106973
0.895 0.105964
0.896 0.104956
0.897 0.103947
0.898 0.102938
0.899 0.101929
0.9 0.100921
0.901 0.0999119
0.902 0.0989032
0.903 0.0978944
0.904 0.0968856
0.905 0.0958768
0.906 0.094868
0.907 0.0938592
0.908 0.0928503
0.909 0.0918415
0.91 0.0908326
0.911 0.0898237
0.912 0.0888149
0.913 0.087806
0.914 0.0867971
0.915 0.0857881
0.916 0.0847792
0.917 0.0837703
0.918 0.0827613
0.919 0.0817524
0.92 0.0807434
0.921 0.0797344
0.922 0.0787254
0.923 0.0777164
0.924 0.0767074
0.925 0.0756984
0.926 0.0746894
0.927 0.0736803
0.928 0.0726713
0.929 0.0716622
0.93 0.0706532
0.931 0.0696441
0.932 0.068635
0.933 0.0676259
0.934 0.0666168
0.935 0.0656077
0.936 0.0645986
0.937 0.0635894
0.938 0.0625803
0.939 0.0615712
0.94 0.060562
0.941 0.0595528
0.942 0.0585437
0.943 0.0575345
0.944 0.0565253
0.945 0.0555161
0.946 0.0545069
0.947 0.0534977
0.948 0.0524885
0.949 0.0514792
0.95 0.05047
0.951 0.0494608
0.952 0.0484515
0.953 0.0474422
0.954 0.046433
0.955 0.0454237
0.956 0.0444144
0.957 0.0434051
0.958 0.0423959
0.959 0.0413866
0.96 0.0403772
0.961 0.0393679
0.962 0.0383586
0.963 0.0373493
0.964 0.0363399
0.965 0.0353306
0.966 0.0343213
0.967 0.0333119
0.968 0.0323025
0.969 0.0312932
0.97 0.0302838
0.971 0.0292744
0.972 0.028265
0.973 0.0272556
0.974 0.0262463
0.975 0.0252368
0.976 0.0242274
0.977 0.023218
0.978 0.0222086
0.979 0.0211992
0.98 0.0201897
0.981 0.0191803
0.982 0.0181709
0.983 0.0171614
0.984 0.016152
0.985 0.0151425
0.986 0.014133
0.987 0.0131236
0.988 0.0121141
0.989 0.0111046
0.99 0.0100951
0.991 0.00908564
0.992 0.00807614
0.993 0.00706664
0.994 0.00605713
0.995 0.00504762
0.996 0.00403811
0.997 0.00302859
0.998 0.00201906
0.999 0.00100953
1 0
